708709
709499
710313
711168
712048
712959
713853
714744
715618
716460
717282
718081
718871
719667
720504
721332
722179
723000
723788
724560
725329
726116
726951
727788
728645
729481
730344
731193
732002
732765
733512
734254
735040
735887
736771
737653
738518
739366
740173
740993
741809
742557
743255
743908
744554
745207
745883
746589
747347
748142
748934
749716
750464
751188
751897
752593
753265
753950
754673
755474
756310
757106
757945
758804
759667
760490
761343
762181
762988
763331
763750
764505
765286
766088
766888
767668
768417
769176
769940
770694
771438
772166
772883
773604
774327
775043
775773
776519
777267
778023
778769
779508
780231
780955
781691
782440
783179
783924
784616
785275
785915
786533
787140
787748
788363
789011
789741
790563
791375
792158
792971
793750
794489
795230
795989
796721
797459
798198
798938
799642
800301
800963
801633
802306
803030
803802
804621
805490
806349
807218
808068
808882
809647
810406
811164
811963
812752
813586
814523
815476
816364
817287
818192
819019
819803
820566
821323
822106
822919
823692
824487
825312
826186
827024
827861
828680
829485
830271
831036
831775
832478
833154
833818
834459
835091
835716
836346
837006
837687
838366
838767
839045
839746
840441
841103
841748
842374
842983
843572
844148
844424
844702
845256
845796
846148
846650
847368
847887
848414
848953
849525
850086
850644
851195
851741
852815
853346
853871
854388
854798
855397
855892
856161
856870
857360
857843
858323
858804
859286
859765
860239
860717
861194
861673
862153
862635
863117
863600
864079
864558
865040
865527
866053
866674
867305
868000
868714
869425
870120
870817
871478
872092
872700
873320
873992
874680
875348
876013
876662
877285
877884
878463
879022
879567
880101
880633
881166
881712
882251
882786
883317
883841
884364
884887
885441
886375
887170
887986
888792
889648
890551
891448
892374
893235
894018
894762
895432
896055
896662
897259
897918
898597
899306
900094
900849
901574
902265
902908
903525
904114
904682
905242
905799
906369
906947
907554
908212
909097
909952
910900
911848
912747
913627
914495
915286
916101
916886
917751
918670
919589
920479
921363
922237
923068
923842
924569
925233
925862
926466
927053
927633
928204
928752
929294
929826
930352
930869
931381
931886
932391
932887
933379
933873
934359
934862
935376
935911
936503
937137
937780
938382
938987
939567
940131
940681
941224
941752
942277
942800
943315
943729
944341
944854
945365
945878
946388
946903
947411
947915
948418
948922
949425
949931
950432
950929
951428
951926
952427
952926
953446
953967
954486
955025
955561
956099
956638
957180
957709
958288
958973
959281
959697
961102
961752
962399
963082
963834
964658
965514
966328
967105
967846
968620
969401
970234
971114
972032
972923
973845
974733
975511
976230
976894
977511
978111
978687
979071
979815
980364
980906
981440
981966
982486
983000
983513
984026
984534
985043
987067
